q = 1.6e-19;
M = 2.188e-25;
Vb = 2000;